61 72 77 63 77 62 78 67 //ID 
11 05 13 8A 
11 06 13 21 
11 07 13 8A 
11 08 13 64 
11 09 13 8A 
11 0A 13 50 
11 00 13 80 
AA AA AA AA 
11 01 13 92 
11 01 12 92 
11 02 13 40 
AA AA AA AA 
11 E0 13 29 
11 E1 13 03 
11 E2 13 0B 
11 E3 13 03 
11 E4 13 01 
AA AA AA AA 
AA AA AA AA 
AA AA 11 10 
13 05 11 12 
13 00 11 13 
13 C0 11 14 
13 63 11 15 
13 00 11 1A 
13 DF 11 1B 
13 01 11 16 
13 04 11 17 
13 06 11 18 
13 19 11 19 
13 00 11 1C 
13 16 11 1D 
13 00 11 1E 
13 15 11 1F 
13 00 11 BB 
13 01 11 20 
13 00 11 21 
13 00 11 22 
13 00 11 23 
13 00 11 24 
13 20 11 25 
13 03 11 26 
13 00 11 27 
13 00 11 28 
13 00 11 29 
13 00 AA AA 
AA AA 11 50 
13 00 11 51 
13 00 11 52 
13 00 11 53 
13 00 11 54 
13 20 11 55 
13 03 11 56 
13 00 11 57 
13 00 11 58 
13 00 11 59 
13 00 11 5A 
13 20 11 5B 
13 03 11 5C 
13 E0 11 5D 
13 01 11 5E 
13 01 11 BC 
13 00 11 BD 
13 02 11 BE 
13 00 11 BF 
13 00 11 C0 
13 00 11 C1 
13 00 11 C2 
13 00 11 C3 
13 00 11 C6 
13 20 11 C7 
13 03 11 C8 
13 E0 11 C9 
13 01 11 CA 
13 20 11 CB 
13 03 11 B7 
13 C0 11 B6 
13 01 AA AA 
AA AA 11 12 
13 40 AA AA 
AA AA 11 84 
13 13 11 85 
13 0A 11 87 
13 00 11 8C 
13 64 11 8D 
13 00 11 8E 
13 32 11 8F 
13 00 11 86 
13 30 AA AA 
AA AA 00 